3333. zuoni 33333333. 449

33353313; 333 he 333333 353333 33333 33333 333 3333 33 ’
3333 3333333333 3 333 33333 33533333333 3533 3333333.

§. 512. 1133 33 333333 3 33311 313 3333ᾖ 33 33
33333 3333 333333 noque: 33311, 333 y 3333333 333333ᾖ 33
3353 33 333333 33333 33333333 33333 33 33533 33333333,’
333 33 33 33533333 333 3333333 33333333333 33533; 333
ancy 333 33363 3333333313 333333333, 333 333 33 33333 3333,
3 3333133 33 3333333 33 3333333.

ς. 513. 03311, 3311 63 3333333333 6333 33333313 33333-
33333 3333 3333313, 333 333333 3333 33333333 33 3 33133
3333333333 33633 3353 33333 33 3333 33333333 33 33333
3333333333 3333333311ἦ 3 3 333333 33 33 33333 3333333333
33 333333 3 333333, 3333 he 33133 33 33 3333333333.

§. 5111133 63 3333333333 35333 3333133 333333 333
3333 3333333 3333 3333333 333133 33333 33333 33333 333333
333 3363 33333333, 333333 ny 3133333 333 33 33331333
33333333, 333, 333 333 3 3333Ἴ 3 y 333333.

§. 515. 3333333333 333333 33333311 3333 33311 353
33333333 3333; 3 3313333333 333 cy 3333335333 33333 ’
3333333 ’33333 333333ᾖ 3333 33 333 31333333 3533 3333-
3333 3333, 333 33333 333333 33333 333333, 33333 333
333333, 33 3 3311 33333 333133 3333333, 33 cy 333 33 33
33333 3 33 oy 33333 3333333 3 33333333.

ς. 516. 03333 3333533333 3333333 3333333 333 3333333
333313 3 3333333313 3333333 3 335333333333 33333 333333;
333 33333 33333 no 3333333.

§. 517. [11333 33333 33333333 3333333 33333 33333333
15. 333333 3353333 3333333313 33 33333333 33333333333
3 3333333333 33333333333 y 33333 33333333 3333333333
33 33333 3333333; 3333313333 33 3333333333, 333 oyy
33133 5333 3 33333333333. ’

3518. 111333 33333 333 33333333 15. 33733333 333313

 

