320 xvn. 31111111 11111 cmm.

1111111, 1111 11 11111111 11 ’11111 1111111 11111,1111111
1111 1111111, 11-11111111 111111 1111111-111111, 11
111 1 6111 1111111.

0111111111.

90. 311111, 11111 11 1611111111,11 11 1111111111.

01111111.

11111 11 111111 111, 1 1111 111111 11111 111
um: ,11111111111111111111111111 11111111, 111 „na 11-
111111,“ 11 1111111. Amo 1111 1116111111, 1111 1111 11
11111111111111, 1 111111111 ,1116111111111111111111 1111
111111161111, 11111111111111111111, 11 1ο 11111
111-11111111 1611111. 111111 1111 61111111111 1111 11111-
111, 111111111111, 1111111 11111 111-11, 111-111 11 11111ς
11 111111111111111, 11111 11-111111111111111111, 11
11 11111 1111111 11111111.

0111111111 1111.

11111 111 11111111 11111111 1111111111, a 11-
111111 11111 1 11 11111111 11 11 11111111 11 1111111111
1111, 1111111 1111, 111111111, 11111111 11111111-
111 ...... 111 11111111 1111,11 11111 1111 11-11.

92². 11111 11 111 1111111111111111 111 1111111111
11111111, 111 11111111 11111 611111111111111111111 11 11111
Α1111 1111111 111 11161, 1111 111111 1111111, 111 1
1111 111111 1111 11 1111111111. Α1111 1111 11111111
1111111 111111.

011111111111 11111111.

93. 1111 111111111 1111111111 1111111111111111111111
11 11111 11111 11111-11111111.

 

