Ἶ

111111 11111 101 1111Ι 11111, 111 11111, 1111111110101111111
1110111111 1111111, 1 1061 11 11111111111. Α 1011611
111 11111 11111111011 101111 1111 11 11011111 1111111 ᾗ
1111111.

184 xv. 11111111 mn 1111 r.

Χ10 611 1011 111111 111111 160 1101161110.Ι
161 111 11101111 11 1010 111101, 10161111 7
11111111110111111.

28. Text, 11111 611 110 1011 1111111111111 160110-
1111110, 160 1111 11101111111010 111101, 160 110 10
1011 111111, 160 1011 1116111 111111, 1 61111 1111111
1111 11111 ser: 111 0 1111 11111 1111 1111 11011111 11111.
Η 1011 11 01 1010 111111 1111161 601, 110 1111101
10111111 101 1111 0 111 111111011111.

1611111 1011111111 11111111011111111110111 1
1111 Γο0101111

29. ss 1111 11111111, 11111 6111111111111111111111-
611 y ’11111 160 11101010 11111101, 1 1111111110 61111
1110 1111011; 101111 11111 1111111 11 1010111111111011 ,
1111111 1101111111, 1 1011011111111110 111111110111161
1101111. 1111111 611, 6011111 11111, 11111 11 111111 10111
1010111111 1111 61111 1111011 11011111 11 1111111101011
11111111 1 11111111 101111111 11 111111110 1011111111
1110 11101 11 11111 111111. Α 1010 111011 1160611 11101
1111111111 Χ10 611 11611, 101111 111 61 6111111111.

6110111 11011111 11 111111 611111 111111

11 1110101 10111 1101111110, 1 01 101011-

1111 1111111ι 11 1111 111111 1111 1061111
111111111 ’

30. Tem, 1011 611 1110 01101111110 160 11010101
1101 11011111101111111111, 160 11 0111111 1111011 11111

 

