62 lx, [1333333333 Γ333333.

33333 333 333 33333 3333333. 313333333 33333333 33 33333
33 33333333, 333333 333333 333333. A 33 3333333333 333-
3333 3 33 3333 33333333 3331333 33 333333ς 3333 33
3333 3333333333 33 3333333333 333333.

73. A 333333 3333633333 333333 333 33 J. 333333
33 3333333.

74. A 33333333 33333333 333333 333333 33333333
33 3333333333, 3 33 333333333 3333333 333333333 33-
33333, 333 3333333333, 3 33333333 333 333333, 333 3333.
3333333 333, 3 33333333 3333 33333333 333 333 ,33333
33, 333 333333 333 3333 3333333333 3 33333 33333333 3333333.

75. Α 33333333 33333333 33 3333 633333 3333ἰ3 33
333333, 33 3 3333333333 633333 333333 33 333333, 3 333-
33333 3333333 333 33333333 33333313 3 333333 33333333
33333 333333 333 33333 3333 3333333333. 333333 33 33333
333333 3333333 33333333 333 333 33 33333 33 333333.
A 333 3333333 33333 333333 3333 33 333333 333333.
33 333333; 333 333 33333333 33 33333. Α33 33333
333633 33333, 33333 33333333 33333333 333333 333333
333333333 3333 33333333 333 33333333 3333, 33 33333
33333333.

76. 3333333333 33333333 33 33333333 33333333 33
3333 33333; 333 33 33333 3333333333 33333333 33333333
3333 33333 33 33333333.

77. A 3333333 33333333 33 3333 36333333 33 333333
333 33313 3313, 3 33333333 333333 33 3333 333333333; 33-
333333 3333333 33333 33 33333333. 1333 33333333 333333
33333333333 33333 33333333, 33 3 33333333 3333333333
3333333 3 3333333333 333333, 33 3333 333333 33333333
33333 33333333 333333 3333333333 333333 33333333 33
3333333, 33 3333333 33 33333 3333333. Α 3333 33 33333-
3333, 333 3333 3333333 333333 33333333ε 333 33333333

 

