xvss. 31101111 napa Grmun.

Ο 01111110.

114. 1101 00 01111111 1111111 y 11011 11100110-11, repe
110101111011 1111111111ε 11 10011 0106011111; 11110110
na 110111 1111101111 10011 0106011.

0 01110111.

1111110110, 101 00 1111110 111 11110 101110 y
101110 1110111-11ε110 61111 10611111 011 0110110,01111-1ἰ1
0111111, 101 oy 110 1011-111 11011111, 11111 11 110 1111110.

01061110111.

11611 110 10011 11011· 11011111 101011 11 111110
101110, 1 011 1010611111 011 010011 1001011111 011 cyna:
110 111 111111 11100111 110011, 11 001010110111ς110 ,
11 1111 11011 11100111, 11 11100 11111.

0 0611111011.

1111110 110 11110 y 11000111 101111, 1111011110 repe
111101οε ,1111111101 1110 110 10111, 11011 10111111
111 ysne, 11 11111 110 1111 111 110111. Α 1101111110
y 11101 10111 111 1010111, 11 11110 1 1000 111111 napa
11001011.

0 11111111011110.

118. 1110 10011 1011 10111110 11111011 101110 111 111
11111 111 1 11111 1010 10 1110111 1001011111111,101111
1111011 6110 1110010, 1110 6110 111011 1001010111 01110-
11-311 1111010, 110 10011 11011111 111111111111,1100 ,
10 1110, 1110 61111 11111110 110 101011 1001011111 napa:
10-111 11 0010 11110, 1011110, 1111106110 011311ρί11
1111011 6111 101111 1111010 11100111.

 

