· Π..1111010111 0111111 10291. 151

[10111011 aa 1101011111 11101111 110110 111111 111110- 1111. 1.

10101101101111111110111010010, 011111

1011011 011110 111 100111111101101101000111,
001110110110010110111011111111.

1111011 011 1101010111 11010111 1011010111 0 1101011110
10110 1110111 100 11 1010111111 11111011 10101010111111110110
0101011110010011111101100 11110, 100 110111 101110,
100 0011110110Ἴ 11110111 011 111011 11011111 11110011 11011
0101011 01111101011010111110 0111111110 11110111 nep-
101, 1111111 011 01110 11101111001111 1111111 101111 111
011111 00 11101 10111111 01111, 0111011 1101010111, 1011
011 110111 1001011 01111101 1111011111 1010110101101111
1 01111011 10111111.

11011101101110101111111011111101110 10110111.

12. 110111 011 10100110 0111 0110111 01111 1000001111 ,
11000 01 111100 01111 1 000111 010111 1010 1101111011
010010 011111010 100111101111010 101110 10111001111-
111111 11101111 111101 10 111011 01111 ’10111111ς 111011
101131 1110 011111 10001111 010111, 1101010111 11110110,
0110111111, 110110 01100 1101101 0000 11101110101111, 11011
011 0110 11110011 1010100 10 0110111111 100011 101.

ΗΘ 118θῖ numo ΗΜΚΟΙΥ ΜΔΗΟΓΟ ΟΠὸΔΙίΥ 381111·-
cam ι1οΓ0 Β pykax Ηθ ΗΘΜ).

13. Το11 10111101 00111 011 1110 110101 10111 1111-
0111110101111101111011, 10100110 0111011 111 11010 111011
10101100 100 1110110100 100 10100110 110110 011110011,
10101111 011 110110 10 0111110111 10 1101001110 01111, 1
1011 011 0110 01111 11111; 101111 11101010 011111)1 111110
10 11011011 11110111 0 0111111, 111 1111011111 111 cyna
1010000 11 1011 11110111, 01111 011 10101111111111011.
100111 011 1110 110111 11101110 0111011 1111110111 100 110-

 

