XV. ,6330303613 3333333 1529 3. 143

360 60333 33033 33 3333 30333 3330333 0333333333 03 303. 1v.
33333 30330. Α 33333 63 033 3333 3333 0303 3 60333

360 031333 3333033333 3 33 303333 63 33 33 nyx 3333333

30333 033330 3303330333 33 33333 33 33 3030 333, 3333

3333 03 3333 30 333333 33033333 03033 360 30 33333

Α apem, 360 3003333 333033 3033033333 33 333 30633, 3

033 3 303330 30333 360 6333333 030333 33 myas 306333;

30333 3330333 333333· 33 33333 3033333 Α 633 3033 30333

360 6333333, 3033 63 3333 3333, 33 333 nomem: 30333
333333 333333.

0 3333033 333333 0333330303 33330303030.

13. Tem ycranyeu, 33 3033 63 6330 3330330 603333
3330333 30303333 3333333, 360 33333333, a 3 3033 63
3030036 6333 333033 30333 330 3333333 333333 033333030
303330 33 6333330 3033303333. Α 30333 63 333333 3033330

ΚΟΤΟΡΗΙ kostel( cumton HRTOPHGTOE: ΤΟΓΔΗ 06οΤβᾶ ΠΡΟΙΙΘῚΕῊ
fipa'ffl POBHle delllssuy ’[0Γο fluenti ΜΘΗ) lew, 8 3 ovum-
floro nunpussa.

Χ30 63 0333 360 33333 333033 333, 3333 03
0333 330333 6333

14. Ten< 30333333, 33333 63 333 0333 3330333 360
3300030333, 360 3030033 333033 3 3033336333 333
33333333 30333 0333 330333 03 Ι33303333 033033 3030 330
0333333 03333333 Α 33333 63 03333 3333 03 0333333
0333333, 3 3333333 033033 y 0363 33 mes: 30333 333333
333 33333 333303 333633 33 63333333 3 30333030 33333
303333 333 3033 3333 06303333 Α3 33333 303 333-33
06333333, 30333 63 0333 360 33333 33333 3003030333
30333 333033 33333 3303333 03333333 03 03033 33033 3333-
3333030. Α 333333 300333333033 33 3333 0333 333
33333 3333 330333 03 0333333 03333333, ,3333 ,3333303333

 

