3333333 Panum. 333

33 33336333 33 33333 3333333, 33 333 33 33333 3333333
3 333333.

0 3333 3 0 33333333.

163. Ha 3333, 333 33 3333 33333, 333 33 33333
3333 3333333, 33333 333333, 33 333 33 3333 33 33333
333333 333 333ιί3 333 3333 333333333 333333333 33 33333
333333, 33 33 333333, 33 33 333 3333, 333333 33 33 33-
3333. 3333 33333333 3333, 333 333 3333 33 3333 33 333-
3333 333 3333 33333 3333333 33333333 3 33 33 33 3333-
333 33333, ιτο 3333, 33333 33 3333333333.

03333333333.

164. Π3333333 6333 33333 333333 333333 33 33333,
333 6333 33333 333333, 33333 3333 ιι 33333333 33333, 33
333 33333 33333, 3 33 3333333 33333333 33333, 333333
333 33333 33333. Α 33333 33 33333 33333333 33333, 3333-
33-33 33 3333 3333333333, 33333-33 33 33333333 33 33333-
3333 333333. Aa 333 6333 3333333 3333333333 33 6333
333 3333333, 3333 333 33333 333333 333 333 6333 3333333-
33 33333 33 333 3633333 33333 3333 3333333333, 33 333
33333 33333, 3 333 33 363333, 333 6333 3333333333 3333
33333 3333333333 33333, 333 33333 33333, 33 33 333333
333 33 33 363333 33 33 33333 3333333333 3333Ἱ 33 333
33 3333 333333 3 33333 33333.

165. 3333333 33333, 333 3333 3ο 333333, 33 3333333
3333, 3 33 33333 33363 33333; 333333 33333 3333333333
33 3333 33333, 33333 6333 3333333 33 3333. 03333 33
33333333 33333333 33633 3 3333333333.

(166.)

 

