11111. statut 00010011. 395

10100111 1100 001010010, 111010 bi nobil od 10000 11010011, 11
bi po 003000100101 1ο 001011.

41. 0100, 1001 1010101 0000110111 111000-00110 10101100] nima
00 00100011, 0030 010 000100 00011 1101, 11 10 1110311111, 00 0030
1110100 0001000101 00 11011000 1100111111 11110001 stim znamenem
prikazati 10.

4010110, 010000110001 nij' 0010000, 01 mu 00 00 0010
001110 010000 1101, 10 bi 10101, 0110000010 001 111 10110001 111
11000011, 0010 da bi 001 1 0030100011000 po kigodi 00100, mimo
00101 0110001110 0010101 20, 000000 101110 010 bi 11001 0000011 ,
verovani3 1101010 001110 20 0010, 00 11 011000, ima 11110001
101001 u 00010 00000110.

43. 000, 010000 10001001 nij' 0010000 prez 000000001νο 00 «
010000 1100000, 111111 on 001011 00 00030 0100 0001010030, 000000
0010101 10, 0 1100101011, 10·10,11101001001100010, 001010150,
1 000 101010 00111 1030 11110001.

44. 000, 010000 10000100 00 11100 01 00100000 11100 001011
0000011 0010 00 111001 50 od 0001030 00301 1 00 1030 101011
1010 0 1010 00111 1013 00010 1000101 1011010111.

45. 000, 010000 0000, 10 00 01 101 00, 00 001110110 110, 11000110
111 00 01030, 1010 su 000110, 0100310οἱ 1100 01030 1101, 00111 1
00100 0011 11101, 0010 00 300000 001110 000111 je: 0010001 000 0011
001010140, 011 0000 00, 10111 11000 0111000011. Α10 bi gdnu.
10000 0101110000 dati 000111 00 0111 hud 011011, 001000 0110 100
110, 10 bi viditi pristojati 1010100 10100 100001 00111 tib 40 001-
0101 1100101000, 1010100111 0010 0110001 10 0011 00, 11 300011,
001010 1010 0000 001, 1 0010 1010101011000101 00010 00 000ος
00111 40 1010101 nima 01100 0010010 0010101 53 00 00010 01010
110100 0010100 2.

46. 10100, 010 11 01000 0110 0100100 001000 0110010030, 00 .

100301010100000, 1 00111 010301 1101000111 001001 0 onom 101001
00000, 01010101 00101 00, 1030 bi pokazal.

41. I 0100 010 bi ki pred 0001001010001 0010 10010011 000-
00101010300010011 ,17010100 01, 00 101010α 0011000 supro-
11000 10001 ,,Α10110100 01, 00 1010 011’“--00000110010301010
jesu 1111010001, 0 001, 11 nisu, 101010011000.

48. 01000100001110100 nemore 0000 0001110001 10 0010101 00

50*

 

