· ’1111111111111111ζ’ - ·, 277 .

¹ ’ ΙΙ0111111111.ΔΙ

2111111111, 11111 11111111111111111111 11 1111111, ’ J

1111 11111 1111111111 1111, 111 11-111 1111111, 1111111111111.Ι '· ·
1111111111111111111-11111111111111111111111- .‘ J ·

1111111.
Ο 11111111 1111111111111.

21. 11111 11111 1111111111 y 11111 1111111111 11117 ¹
11 ce 11111 11 111111 111111.

111111111111111111111, 11111111111111111111111 11- T · y
11111 1 11 11111111, 11 11111111 111111 11 1111111 ro· .

11111111.

01111111 1111111111.

2211111111111111111111111,1111111111111111111 ;’ι , ·

11111 11111 11 11 11111.

23. 11 1111111111 1111111111 1111111111, 11111 1111 ,’ s
11 11 1111111. ’

ommam 1111111111.

24.11111111111111111111111111 11111 11111111111 ’ ,
1111111111, 11111 11111.

0111161111111 1111111111.

2111111111111Ι 1111 11 11111111ι 11 111111 1111111-
11, 11111111 1111111-11 111 1111111 111111 11111111 1
1111111111. 11 11111111 1111111111 11 1111111111(11)111111 11111111 '.
11111.

01111111 11111111.

26. 11 11 1111111 1111111111 11 11 111111111111, 1111 ’Ῐ ’“
1111111111111111111111. 1111 11 111 1111111111 111111111έ ’ ’
111111 1 111 11111111 1111111 11111111, 11 ’11111111 .'
11111. ·

 

