XV. 1111010111 0111111 1529 1. 183

001110 1010111011. ,

24.Το111, 1011 011 111 1110110101101011101010101111
10101011 01011 11110111, 1 1 1011 1010101111 1 111111, 10-
101111 1111 101 011110 6111, 111101 6111 1010111011 01
1010, 1 1011111 10 cyna 1010, 10101111 01011 1111011
1010111 1111 ῃ10 111101 01110 11101111110101110111
011010 11 1111111010 110010,“ 1 11 10 01110101111111,1
00111 61101011101011, 10101 011 1110111111 101111
1011, 1010111111 010111111011 1011101 01111111 1111111.
Τ1110111 0101011111)1 111101 1111010 1101011 0111111-
1010, 11011 11111111111111111 160 1010111111 11101 0000
11111010 101111.

Χ1001110101111011011111.11001116111
1011111.

25. Teuc, 1011 611 1110 0 pafly apyroro 1011111101
10111111 1101111ἦ Ἡ11011 111 panna nennucsne“‚ 1 6111611
01101 1011111111 11 101011 111 611011 110 1101110111
1111111011 11111111 01111 (0611111111 1011111011 1 011-
1101εΤ110 11111 1111061111 11101 11110111 61111.

01111ᾖ 10101111 6010111111 1111 010010, 1010
6111111111 160 11611.

26. Το1101111011, 111011 611 111101 01110 01111
1111111111 1111 010010 6010101111111100 110111, 11101111
01 1011010 0011 111110101; 1101011, 1011611011 111060,
111110 010 pan 010111 110101111111 10011 1011111.

11011 111 01111 1111111111 1011 1111111 100
101011111111011.

27. Α 1011 olyra 1111111111 11011 1111111 10101111
10010101111111 11011, 1 y 010 1111 10101010101161111
11111111 1111010101, 1 01 101101 1110 11101011 010 111-

Ponam. ,

 

