174 XV. ,6116116616 emm 1629 1.

16111166111611. A 61161116 16 16116611 661116 161161 116111 666
161161 16111 1161611 16111111 1161111 1116 116111 1661111ι
161111 116161 1611 1111166111 6111111111 1116661.

16611111 6111111.

0 1111111111 61161111Ἱ 6116111, 6 16166111111 111111161111.

Χ1661116111616111116116166161,11616111
ero 666111

1. Tem 1616111611 111 xro 611 16111161111116116
1661161, 1616111 ero mom, 666 161161 16116 1116611611.
611161 611 16111 1616 16166 1161111 666 66611, 6 11611
611 16 1161111 111616, 16116 111161161111611611ε 1611111111
11161111, 6 661 11616111116 611611 ero 6116111111 66611611
11661 61111 1161616, 6111611111 16 616161166161161161616.
161116 1 11616111 16116616. Α 661111 611 16111116 1111161116-
61616 666 1161111616, 6 6616111161 61611 666616 61611. 6
1616111116 611 61 16 61616 611 pann: 6111111 161 16161116
16161111 1616111111 1116111116 11116111 1661 61111 1111-
1611166161611116166611, 61116611 1616 111611 16 61111111
6661616, 16111116 1661616161611.

01060111161111116116610611611111
ammonam.

2. Χ16 611 1611 16 1611 166161 116111, 6111161111
16 161666161166116611161661 61111 16161111 161161. Ε6111
611 16 161 1111 16611611 61161111 166 3661111ε 16111111
1616 1611 16611 616116 16 1116116 6161161111 16166611
61 6161111111 6166161 611611, 1 16 16 1661 111116 16111
6116111161161611616,1161611116 61161111 611611, 6 61166611
111611 1116111 666 11611616. ,1116161111 66111 611 611161
1161116 616111 161111 11116 1611 6116111611111 6116111-

 

