11111. 111111 1111111111. 399

11 1111111111 11111, 11111 11111111 11 11111111 1111 11111111 1111
1 silah' 111 11111 1113111 111 1111111311.

61111111111111,1111111111111113111111111111,11111
111111 1 11111111111,111 stoje 1111 po 1111,11111111111 11111 moJu
1111111.

68. Ι 1111, 1111111111, 111 nisu 1111111 1111111111 11 11311
111111 11111111 111111 511111, 11111111 11111 1111111111, 1111 najbole
111111111;11ο111111111111111, 1111111111 11111111111111 1111 11
1111, 111111 1111111111.

69.011,11ο1111111111111111111,1111111111111111
11111, 111 111,111ο1111111111 malu 111; 1111 111111 11 kup
11 111111 11111111111111111, 1111 11 1111111111, 1111111111 1111111·
311111111111111,1111111111111111111111,111111-11111111111111111 ·
1111111111 111111, 111 111 ine porotnike 11111 11111111 1111111-
J'edne 1111.

70.Ι1111,1111111111111111111131111.11111111111111131
ta isti 31111111 lmij punu 111111 111111 nega i 111111 1113111
11131 za 1111111111 1111111111 111111 nega 111 svoju volu.

71. Ι1111, 111 1111111111 111111 moje 11111 1111111·11111,1ο
1111111111 111111 111111, 11111131 1111 1111311111, vola 1131 111-
11111 da 11111 11111 od 111111 11111, 1 11131 ubiju: u niednoj 1111
1111111111 se 11111111, 111 1111111111 111111111131111111111111 1111111111.

72. 0111, 11]·111111111111111111111 11111111111111 1111111111
111111 11111111, 111 1111 poslano 1111111, 111111 111111 11311111
11111111 amal.

73. Ι 1111, 1111111111 imaju biti 1111111, 1 111111 1111111 imaju
1111111111 11 1111131 pred 1111111 pred 11111111.

74. Ι 1111, 111111 peni 1111 11111 11111 1111111111 &im platiti
1111111111 ponii bandi 1111111111 1111111311. 11111 1111 nih
111111 111111111111111111111111, 11 1111 nemu drago.

75. Ι 111, 11111111111, 11311111111111111 311. 11111 ima
pravdu i [11111111111111 111111 1111111111 1111111111 1111 111-
1111111 1111111 111111 1 11111 1111 1111 ludi, 1111111311111111.

Oea, 11 1111111111 11111 11111111 111131111111111 1 11111111
1111111111 11111111 1111111111111111 111 1 1111111111 11 1111111111
111111111όὶ stare 1 11111111 111111 1111111111, 1 1 111111 111-
3111111111 1 nih dedi i nih otei i vsi nih prvi.

Ι1111,11 11111111111111111, 11 ima priti 11111111131

 

