00201000 10001011 0 00010001. Ρο1001 0001000 01100100 00000000
’ 0100001010-01000001000 00 0000 10010 0001101100 0 00000000 0. 1814ε
1 0100100000101100 10010 00010 00 0010110010101100010000 00 ,81000-
01101, 00010101000010 00001 01 0. 1874 1. IX.

0101010100000011, 11000001 017. 0 180110 0001000 1001010-
000011Ηο0010010000100 0 k 110001, 00101100 01100100 jim 00 01000101
10000000000010000 000000100110100, 00001111 00100, 101 10 01010 (10010
00000101,1001010000001100100, 0100100 0001 0000000 1000011110, 000-
00110 000100 jinak 00011000100100011000110 0101100 00000010 0 001-
51001100010110100011000100. 011010 0100000110] 0000110 0001000110, 1
1000001000001οΗ0001000101000 0010000101, 011010100100100000. -
1101100100 1010 00 0010 18. 010101100000010, 100001 0001000001 0 01-
100001 001001,0111100-0000110-110010100“, 10101 00 di 0 §- 75: 1100
010000 001100 Ηο00 0011001000 00000 (1001011100 010 00001 familiae 100-
000001 und (110111001ςο (10000 0010001ςο Μο000-Ρο000000 0000000101
werden. ξ. 76. So 011 (100 -Ηο011 100 Ηο0000 0100 101001001-1001000-
’100000 mit Tod abgehet, 10000100 1000110010οη1 1100000 Successor
10 00011000110 010 001 dem Patent 0000000101 werden. — 10001
011 0. 1807, 11101 000110 0000 1111 1100000111 Ηο00101, 00001000 od
- “000100010000;001001Ηο0011111(11100000 00011 10000 00 000100111, by
’00111110110110010000 Ρο01011010 01 00 0 0100110100 0010010 11-
11000101· 1110011 0 0. 1807, 10 01100100 0001 0111001, 00 00001 0100110
’1110001 voj. Ηο00100 0001101, 0011 001 1001001000 000101100001010
do 0110011 0110010 000100 00001000 01001 010010.

’ 00001 0000 01000, 10 1000011111 0000 101110 0000011011001011
00001010, 00010 00001001 100000 0.·1849, 10101 0 0011010100 011000 00-
01000οο g. 11: „Das nach dem ξ. 1 100001000000010000100 0. J. 1801
101010000010011000, 000 dem 0000110011010001000000001000100100100010
110100000010001100000-10010111010001001101000011001001001000.“ 1110000100001
00 010001 ξ. 0000, ,10 000010 000000101100011101 jsou 00 0010010101
000010 0001000011 10001010010010 01010000 0000011000 00010010 10001100010010“;
00 ξ. 7. ,10010110 0000001100 0100011 01100100 110001010010 0000100
00000 001001 0001110011 00000000 00000 1 01000000 00100011 0 00000 0010-
011110 01001010101.“

XXV. 1101010 00000 ,1101100100 Ζο10001100010100.“

11100101 000 0 000000 a 0000οῐ00 0100 0101010 1101100100 101000-
100010100 0000100111 0000001. 0110 ,010000011100 Ρο100 0000101010 0 na
11000001 (1863.) Ρο011 01101000 Ρ. 1101011100, 0. 1810 0000100000,
0011101000 0100010 0110011 00 000110 000100 0 1010 101000, 001001 za
1100110 1000 0001100001 0000ος 0011 0000 00000 1010 101001 1100-
0000000, 001001 0001010110 0000011 0000101010 0 1011 010000. 1 jeden

1 i 0110100 0100001 0100010000 000001 0000001100 neb 0110011 00100101, 001100
01100010 00110010 0100110110 0011000 00000000101011. 1110001, 10 10
(10000101 0101110000 hyla 1000001011010000, 0100 00 011000 tim 00100
(101010 0 0000011. Βο111 01010000 (0 8100010001) 00111101 00010101-

 

