24 x lv. [1111111 Ρ1010111 (Cu. ’[1101111.)

11111 1111101111 1111 1011111, 1 01111 1111011 10 1111
1001111111, 11011111 101110 6111 1111111 0111 11111111
10111110011 11111ε 1010011110101111, 11101111 1110 11
011111 10 1011100 10011111 111111, 1 1011111111, 110 ca
00111011 111111 11111001101111111. 11111 11 611111 1111111
111111 10 111111 111111 1011100 11111, 11110111 11 1111. Aac
1110 1101011111 111111, 10 111111 10111.

52. Auze 1111111 61111111. Ante 111111 6111111 011
10010111 10 06011, 11011 11 1101111 111111 1111010 10-
1111 111 10 1111101 111 11 01111111 6111111061111111111
0100101001011111, 101110 1010 1106111010, 101111 011
1111111.

53. 0 111111 10. Ante 11000011111101011111 11-
11111 110116111 1010111 10111 10 10 1111111 01111 110
110111101110010111111111 16011011, 011 1010 110 1111
0111011, 10 10 101161110 1111111. 1111011 1001011111 010
0101011 11 0100 0111110, 11011610116011101οε 101010
011110 1111111.

54. ,01111111 110. Ante 111 111111 1111011111 10
111111 1010 10 1111111. Ηο 110 10116111111011, 1 11,
110111 101101011110 1011011111, 1111 011100101111 10-
11111 111 0111111 0101 111, 1101010116111; 1010011
1111111.

55. Axe 100101111 10100611111 111111, 1 1111111
11111 010 111 0111111101 10 10 011 100 1011011111 1 11
06111 1111111 0111Ϊ1. 1111. 111111 11 11111011 11 1011
11111 10 01111011101101111 11111, 110 611011 11111111, 1
11 06111 1111111 0111 ,11111111 11101111. 1111011011 111
100101111 1111111 06011, 10 1161111 0106011 10 1011111ἴ
1111111, 1100101111 11 06111 1111111 ,1-1111110111 1110-
111111. Α110 100101111 61011 111111 1110 16101 10 6011
11111 00111 61011 11 10 0111011 11111, 1601111111, 101
1110110 11 010601111111110111, 11110110 111 111111.

 

