1010111. - 111011 101100101οη po 20 101001110101100110010101110,
101111 01101 0110100 (11011 1111101 1. 1786. ’11011 text 0110111 1
1101101 11010111 10110 Κ1001010, 1 111101 11 1,Β111101100010011,“ 10101 1
111110110111100101011. Na 10 11110 011011 101101 dne 11. Aug. ³
1791, 011 do Petrohradu 10011101 1111 101011101Ρ10111, 1110 00 ,
11011 001110.
8111011010 11111010 11011010-801110101010 01011 0101011 roz· 1
1110101 011101, 101001 11111110 Ρ1010100101, 00 1011001101, 1 konco 1
XIV. 1110, mezi 011011 Ρ101110. Ρο111 k 11 recensi 1010 1100101 1
10111, 10110 00 0001111011 1 1101101101 1011101, 01101 1001 mezi nimi 1
0010101111 (01010 1011 11011011). 1
R. 1792 0110100011 (101 1100010100101 101110 Pravdu 011111110οο ξ

, 0 1101101001 1001101. V 111101010101011 0110101010 0011111011 R. 1815 1
1010110111010 dle textu 11010111 10111 1 8111011011 8100110101, 1
01101010100; 1. 1821 8110101010 1 11101 11011110101101101110 11010- ;
pinu, 10100110 18011011 1101000011“; 1820-22 11010110011110
,Ρ101010100101 0 11010100] 1101011ος 1. 1816 81010010 0 1101011001
01010011ος 1838 Κο01ιο101110 10 011110οε Najdawniejszy pomniky ,
1101010101108101101011010 18443 ’10110001οε Ρ. 11., das 1110010 1
8001101001 1100010010 011. ³
1101111010111110 (111001 0 110011 Ρ101111 10010 1101111111οο Kala- 1
101οε ,Ρ101110111010110 1011111001110 0111110110 11110 11010010 01100000110 ³
. 11000101 Ρ10111.“ (1100110 18461. 11111100 1000 110 110010 vy· 1
(11011101011100 110010 10101010 50 do 11 1011 0010100101 1010110001.
Ρο1010 0101011010 1110101 1111101 textu 00011110 1 1111111101 1000 j
11001110111011 01110 01001010. 11110 po tom, 1847, 010101011 Ka· 1
1010111101011010101 1111010101 101111 Pravdy 0 0011, 00 01010111001,
001010010101001001 10101100 101001111101 1001111 „Text Russkoj 3

Ρ10111.“

V. 11011080101010110 01110101 1189-1199.

11101100,110111101111011111101110011, 1011110100 1110 od doh
1101011011011 1101000001 0101000110, 0001001111 8101101, 00000100 111·
01111110, nad 10101010 1101111010, 11010000 11111111. 8101100 1110 001- .

0010101111 1111011 1 11110 01010001110, 0101011101100110111110101101110. ¹
01001101011011011 1111110 0101011010 011100011, 11111 1. 862 1111101101 ¹
1000 11011011, 011 01111111 mir (1010101. Ι 0101 00 1101011011 0111001

11110110 1011010 1101110, 101010111101010001110110101000 1101111010 1
1101101110 (8821. 87011011 00100001101 111001001011011100 do

1101110101 01010001101, 101 10 11011101 10011110 101100 111011 1110 1
,1 1701011010 001110. 110000 Χ. 0101011 1111011Νο1011011001 11001. 1
1101011101 1100101101οΙ 0101101 10011 10111010110010 10010101111101100, ἶ
1001 1011010110 1001001001 1011101110 0010111101 0010111οΙ 010011. Novo-

1101100010111011 0101011101110011 sami, 1010000 1101110110011011011· ³
dle 1110. 010001 8010110110 0111111 0110110010 10 0110101110 dany:
,1011111101111011 0111010111 ,111101 111011101001011110011010110101“ ,

 

