148 · ’ XV. ,1333333ὶῆ 3333333 1329 3.

Poaa.V.1<y131›1313010}{10 ano 33 cyna 333333, 3333333 eny 333333-
3333 3 33633333 333 3 333333, 333 3-33333333 33 33333.
Τροιοθ, 3333 63 33333 33 3333333 333333 3 3333331333
3333333333 3333 33333, 333 33333333 3 33333ε 333333 3333
333333 3333333 3333333 3333333333; 3 33333 33333 33333
333333, 3333333· 33 3333, 33333 333 3333 3333 3333-
3333 3333 ao 333 33333333ἦ 3 3 333 3333 ne oyayrz 33-
33333 3333333333, 33333333 3333. [1333333333 33333 3333

ΟΒΟΘΓΟ nossuflnn oyTb Mamm, noloaoorblo Aer CBOHX Ηθ
ΒΗΜΟΒΙΕΙΟἾΠ Cfl.

03333333 33333363 33333333333,333333 33333

33333 333 33333333333 33 3333 3333333333

3333333 33333333 33 633333 33333333, xpo!
33333 33333.

7. 3333333333 Tem7 3333 33333333 (Spar 333 33333-

333333 3333333, 33333333 3333333333 6333333333 3333-
333 33 3333333333, 3333331 333333 33333 333 33 333333-
333, 333 3333333 333333 33333 363 3333333333 363 3333-
33333 33333 333333, upon 33333 33 3333 333333333333,
3333333333, 3333333ᾖ 3333333333, 33333333, 33333333 33 110-
333, 3333333 33333 33333333 ux 3333333333 363 33 upana
33333333 3333 3333333333. Υιοτοροῠ 3333333 33333333
6333 3 3333333 3 3 333333 3 33333333 3333333333 333333-
3331 my onoer0‚ 333333 33333 333333 3333333 633333
33333 33333333 3333333; 3 333 33333 3333333333 333 333-
3333 33 3333 unomen 33333 3333333333 3333-333 3333333
3333, 3333 33 33 cyna 3333333 33 333333 63333333 333333
333333333333 cyna 3333333 33333333 33. Α 33333 633 we

’ 33333 363 3333333331 333333 33 upana 33333333 nam! όιιιε
333333 3333 3333333, 3333333333 33333333 33333333 3333-

, nyso 3 33333 3333 33333633 ny aononony rocnoaapcrny‚ 33
Ι 3333333 3 3333333333 3333333333 333333 3333 333 33333

 

