192 XV. 3133333333 3333333 1529 ⁴r.

3333333333333 3 333333 633333, 333 ’33333333 33333333 333 333
3333333333 333 Tylo 333633 3333333333, 33333 333333333
33333 3333333 3333333; 60 33333 33 3333 633 3333333333
3 333333 333333 333633 33333333, 333 33333 333333.

Χ33 33 33333 3 oepery *tymouy 3333 333333.

14. Τ33 333 33 33333 3333333 333333 3333 333333,
363 333333 33333333 33333333, 363 33333333 363 3333
33336333, 333 3333 3333333 33333 3333 33333 3333 333333
33333333 3 3333333333 333 33333333. Μ 333333 3333· 6333

333 333333 3333 333 33 3333333, 333 33333 3 333 3333-
3333 333333 333333. ’

Χ33 33 3333 33333 333333 333333, 3333333
3333333333 333333, 363 33 3333333 33 upana
333· 3333333333.

15. Tem„ 333 3333 33 quen 33333 3333 333333, 33333
333 333 33333333 33333 33333, 3333 33333 3333 3 33333..
3 3333333333 33333, 33333 3333333333 333 333 33333333 ¹
33 333 Γ33333333 333333 33333333, 3333 63 33 3333 33333 ³
33333 33 3333, 3 33333333 3333333333 33 333 333 33333
33 33333ς 3 pom, 3333333333 33333 3 363 333333 333333
3333333. A 33333 33, 333 3333333333, 333333 nepem„ 33333
33333333 633333 33333 33 333 3333333 aenan: 33333 3333
6333 333 333 33333 333 3 3333 3333. Aecum 33 nepes 3333 3
333333 3333333 333333 33333 33 3333333333, 3333 3333 33333-
333, 33333 33333ε 33333 3333 333333 3 3333 3333333 333333-
3333. Α33333 33 333 63333 33 33333 33333 3333333 33333,
3 33 333 33 3333333333, 33333 333333 33 3333333333, 3333 ¹
6333 33333 333; 3333333 333 333333 3333 333 3333333 33 ’
333363 3333333 3333333333333, 3 333333 3333 3333333333.
Α 33 3333 333333, 33333 63 3333333 33 3333333333 3333333.
Aoo 333 3333, 333 333333 333333, 3 33 333 33333333
3333, 33 3333 3333333, 33333333 33333 333 3333 3333 my

 

