322 333. annom napa fflromn.

xnama: 333-33 3333 33333333 3333 33 33 3333333, 33333333
3333. 3333333333 333333, 33 3333 333333333113333133
33333333 33 33133333 33333, 3333 3333333 33 3333313 033-
3333 033333 33 3333333333 3333333, 33 333333 33 3333
333333 363333. ’

03333313.

102. Υ3333ἰ3 33 313333 333333 333-33333333. 1133 33
33 3333333 33 333, 33 3333333 3333 33333.

0 33313.

10031333 33 3333333 33 33 333333 331333 333313 ³
333333333, 3333 336333, 33 3333 3333333; 333 333331
33 3333333 331333 333ἰ3ε 33 33333, 33 333333, 33 3333, 33
3333313 3 33 3313313 3333333.

0333333313. -

104. 1133 33 33333333 33333333 33 3333, 3333 31333
3333 33 33 33333 33 33 33 333333 33333 033 13333333
33 33333 33331333 33333, 33 3333333 33 3333; 33 τοι-33 ³
3333 33 313333 33333, 33333 ny 3333133333 33333.

03333333 3333313333.

105. 113133 3333333 33333 3333333 331333 33313 33
333 mon, 33 3333333333 3333333333 333333, 333 3 3333-
3333 3333 3333 3363 333333 333-33 33333, 333 333333333 2
3333, 33-33 33333 33 3333333 33313, 333 333 3333333333
333333 3333. ’

0333333333.

106. [1333333 333333333ιί3Ἱ 333 33333 333 333 333
3333, 333 6333 333333333333; 33 33 333333 333333 3333333
33333333; 333 33 3333 336333, 33 333333 y 333333.

 

