 

n 0110611111οΜ 1111111111 111111111111. 71

011 1101 111· 1110 1011111, 1 1111111 1011111011 1111
10110 ua 0611 0100011.

10. Α 10101011 10101111 1111101011 111 1111010111
111 0010101011 10 1111101111 10 1111011111 111 10
6010101111 110111 1111οε 11011011011111011, 111111 ’
111 101111 1011011 11011 0010110111 010. 1101111101)
11 1011οε 110 061111 0111,0011101011111 00 06)1 0100011Ἴ
1101111 1111111 101111011110011. 111111 611111 11110-
10011 011101111ε 110 1111 1111 11111010; 11010110-
1111 01 1101 11 11111011 1111101111 ,11101101011ε 110
1011011111 11111111 10110 1111 1111111010.

11. 11011110111 11111111 111 upana, 11111110
1111111111, 1111111110 1101110111. Α 10111111111111111,
11011 11 1111101011 110 1111111, 1111101111 11 1011
1111111 611111 1010 1101111, 111060 110 00611 1110-
10110 111111, 111 10 611111 101011ε 1011110111 upana
1001101011, 1 11111 101 11111 01100 1111010 10111010
1111101110 11101101010 010111 10111111ἦ 1111 110 1101111,
1101111111 010, 101061101110010111. Α 1111 11011011
1110011 11111061. .

12. A 110 11011011 111110 10111011Ἵ 1 11060 100011
1010 11110111.

13. 1110100111 111010011011111,1 101011 611111 10
1011111111 110 11 1001110 11161 111010 010 1111111 111
611011 111110111111 10101111 0011 10111ι101011111-111 «
011111 1111111; 1 611011 111111 101111010111,101161
1111 110101110111ε 110 010 06110111.

14. Α1010011111011 100101 1111111, 110110111 11161,
1011 110111101111011 1111111111 1010 11110111.

11111011 1111 1111111111, 1111010 0011 11001111,
1101111101 1116111 611111 10010 1010 1011111111 110111

1111111111, 1 0101111 10 611011 Ι1111111 1 6011 1110
06110111.

 

