xvu. 31111111 1111 Oretana.

Ο 11111111

159. Γ11 11 11111111 1111 111111, 1111 11111111
111 11111111111111111111, 1 111111111111111111-
1111111111111, 11 111 6111 1111111 111111111111,11
1111111 111111 11 111111 1111111 1 1111111111 11 11111111
111111, 11 1 1111 11111111 11 1111 111111 1111.
111 11 111111, 11 1111 11 11111 11 1111111111, 11111
11111 111 111111 11111 1 111111111111111 111111 1 ry-
111111111. ’

160. 1111 1111 11111 11111 111111 111111, 1111

, 11111111, 111 cy 11111 1111 11111, 11 111111· 111111.

1111 11 1111111111 111111ἦ 111 11111111111161111,
11111111, 11111 111 1111111111 111 11111111111111
1111111111 1111111 1111111 1111, 11111 1111 111111, 11
11111 1111.

0 1111111111.

161. 111111, 111 1111111 111111 11 11111111, 111
1 11 11111111 111111111 111 111111111 1111 1111, 11
111111 y 1111 111111 11 111111 111111, 1111 11111
1111111 111 111111111111111, 111111111111 1111111111
1 111111111 11111, 11111 111111111111.

162. Α 111 11 111 11111 1111, 111 11111111111-
11111 111 11111111 111 111 111 11111 111111111111
1111111-1111 111111 11 111 1111111 1 1111111 111 11

napy, 11 111 11111 11111 1 1111111 1111111111 1111
11116111ς 1111111 1111 1111111 1 11111111, 11111 1111
1111 1111111 1 1111111111. 11111111 11111 1 111111111
1 11111111 11 111111 11 1111111 11111111 11 111111,
111 111 11111, 11 11 11111, 1 1111111 1111111 1111111
11 111111. Auo 11 1111111111 11111111 11 1111111
111111 1111111111111111; 1111111111111 1111111, 111

 

