1. Dogovor V. 11111111 01111 1111111111 9121.
1 11. 11111111· 111111111111111111111111111 1145 g.

Nestor, patriarcha 1111111111 1111111, 1111111111 11111111 1111111,
, 1 1111ρί11 11111 1 1. 912 1 945 1111111 1111 111111 1111111, 111
1111111 1111111111, 11111 11111111,10111111111111111011,11111111
’ 111111111111111111111111111111. 11111111 11111 Nestor r. 1113
g 1111111110, 11111 11111 1110 1111111 11111 111111 111111 111111 111111
, 11111 111111111; 111 111 11111111, 1111111111-11, 11 1111111111 111-
1 1111111111 11111111 11 11111, 1111 1111111 111 111111111111111111111111
’ 1111111. 1111111111 11 1111 stopy, 11 ob& 11111111 11111111 11111
111111111, 111111111111111111 11111111 1111111111 11 11111111 1111111111

3 11111111-11111111111 1111111111-11111111.
² Letopis 1111111111 111111 111111 1. 17671 11111111 11111111
1111111111 11111111111111 1111111111 11111 1111111111111811111111111 ,1111-
111111 1111111111, 111111 1 0 1111111111 11111 (1802-09). 1111111111
¹ 1111111 11111111 1111 v 1111111 (1111 11111111 ,,Ρ111111 1111111111
ἵ 11111111 1111111111κ (1846). 1111 1111111 textu 11111011 Fr. 1111111111

2 1160111111 „Chronica Ν1111111.“ (111111 11111111 Κ. J. 81111111. 1867
s 1111 11011. 1111101111111111011111111 111111111111.

111. 11111111111111.

,11111111 ide k Kyjevu, 1101 111111111111111111 7111111111,

1111 1111 11111 (1111111 8111111111 po 10 111111, a 1111111111 po

, 1111111Ν1111111111111 po 11111111 311111 11111, 11111111 111 111111
11111, 11111 im Ρ11101111111ν 111111, glugolav tako: „Po 111
61111111 11111111; 1111 11 1111111 vam, 11111-11 (11111111κ Γ1111 11111
1111111111 1 1111111111 17111111111111 po 11111111111 11111 mezi ,1111-
111111118111111111111 1. 1016.

0111 11111 11111111 1111111 1111111111 71111111111111 11111 1111-
111111 11111 111111 ,1111111111 111111“; 11111111 111 11111111
11111111 1018-1054.

Ρ111111ἰ 11111111111 1111111111111111111 1111 11111111, 81111-
111117111111(1054-1073), 1111111101 1111111 1111111111 11111
1111111, 1111 11 v 1111111 1111111 1111111111.

7111111111Ρ1111111111111111110111 11111111 1111111111, jedna
11111111, 11111 1111111111, 111 ve (11111111111111111111111. 111 1111111111
111 111111 1111111.

111111111111Ρ11111 r. 1738 ’1111111111 v 11111111111111 Le·
¹⁰l³isez 111111111111111, 1 podiwa 111. 1111111111 11111 1Ρ1111111111;
1101 1111111 1111111 1110111111 8111111111 1. 1767 (1111111111111111-

 

