Ἴ 230 11111111111111111111111. ᾖ
“ 1111111. 6111161 116 616 1116111111,111611 1661111 16 1616 1616-
16111166 611 61111111 61111111. 1111111 611 16 61161111
1111, 111 16161611 11611ᾖ 611116 menn: 161111 11161 1
11111111 1161111 6161611111 1616 16161111 16 1161116111 ,
11111611 1616111 1 111111 1616 6161611111. 11 61111 16
611616161111,1 611111 1111, 111 1116161111ἦ 116161 1111111
1616111111; 11161111 1611111111 16 111111. 1161111 611

samu, 81111 komy neonosseAaA: Takonuss rosossmufly marm.

ΧΤΟ 6Η 310111 panus 111 1161616116 y 61661
1611

21. 116111 611 1116 116111 111111 111 1161666116 y
1166111611γε 161111 616 11161 1611611 1111161111θ 1116 11111
61161161616 11111111 6611 16161111. Α 6611161111111 ¹
1111 6111 1616161 161111 11161 16611 16 116111 161116111- ’
61116 6 1111611, 16161111 611611 6111111111 1611111116-
161111. Α 61111 611 11616 1111616 16161611 16161111
6161111111 6111 16161611, 1111611611 1661611111116.
11611111611166661111111Ἶ 161 61111 61616111 nep: 1
11111111 1611111111 111111. ’

111161616161616161131111611111161161111.
161161161611111111.

22. Α1611 611 11 16161616 16161611 16161161116
11111 1161611116 16116111, 1 111 611 61 1 16111 1631111.
111 11 1 1611111 111111, 1 116161 16 1111111111, 161611
11111 nmen: 11161111 11161 6111111116 11 1111111, 161
6666 111111 111611 11 1111116161. 11111611 61 6111111116
1111 6666 111111 16 1111111, 111116111111611111161
616 1116 11111111111111 6611111.

 

