¹ ΙΙ

392 11115. 1151 11165111. -

11155115611111111115111 111· 155 ku 55556 1511 1111. 5111111
1151 156111 11511 50.

13. 016111 5561511116151611115515515 15511, 61115116
655 66161155 na puni.

14. 0166, 515651 1115115611 5561 1161 5615555 1651116 5116
1151 5561 11161 11561111 5111611111, 111 1155151 55151111 55615111
151151111151155551111611551 516 556151, 1 551 5515561 55551
51161, 561 hudo 15 5615655.

15. 0166, 11111 pop 6111516 111115 1111611 5561 1 51165
1115 1111115111.

10. 0166, 511615 11115 5615516 5111611 1161111 redi 15611111, 115
511 56 vole 156111 56 556156 51161, 56116.

17. 0166, 516615 56 11561 15615615561111115 565516 55111516·
5111111 1516655 511151, 51 15166511 5511115 111 15511111 115115, 111
16 5566 55151111 za 551111615111, 115 511 11511615511556156.

18. 0166, 65511 11651 16111 1 65511 51111 5551115651 u
, 5165611115, ako 51 1666 11665111, 1615115116 561651 11651, 51115
56 515111 1611111, 1115 56 516516 1 51156516.

19. 0166, 1116615 116651 55511565 5111165111 5151111165 ¹
6111, 115 511 5115 51115 56 5111111111 1 ki to 56151, 51111 knew ¹
4515151111, 1 5555111 511151, 115155 51161 116111, 61 515 11561 11651 1
5665611115,116115615115515566511161. 1

20. 0166, 516615 nemore 5551155111151616565111165611115
1651, 56516656116151151116151151

21. 066, 115115155115515166 6151515 51551161 11666. ,161
1115,1511151”’1“ 15115111 56 nega 511551 5516161116, (11516) 55 J
151, 55116511 1511516 1511111111.

22. 0166, 1115 16115111116 5166 615155 511166 5511111516,’
1151 555115511 11665111 15115111, 61 11115 1611.

23. 0166, 5561111, 15 1611111111 516 1155511655, 156 165111
1 56 5111515 156 15111 1161, 1111151111 5561111, 55151651, 16151155
561666116151166511511561 (5166) 515 615111 16, 11511 1161
,5551511511 5561 115 56111156 5115511515651615 od 1116651111
55551, 111611 115 551116 1615115115 11565155, 15165166 6151
51565616 55551 15156516, 5111 561 16 5566 11 111115 1511151116
6151551,1511115 5655166 1 tim istim 1111565 516116 5166 6151,

2115166, 5151611111 11111 ,5551511511 5115 1161 61111111
5115 515, 1 11 15 16 11151111655111161115 5656.

 

