190 XV. Δ330303ἰ130333333 1529 3.

, 333333330333 Ι3303 03333633 3030300, 360 30330633, 360 3033 00333
633 3330333 333303 3030303 0 333333 3033333030333 63333.
· 360 B 3000303330 03 ’3303 6333 3003333. Αο0333 633 330
303303 33033 3 ’30 03333030 Ι360 0330303 33 303330 33333
033 3003033333 3030331630 Μ330033 360 03 33303 33333
- 3033 30303. 0303303030 330333 30633333, 30333333 30333.
3 33033333 3333 30 ’33033 y 330330 3003033303033, 30303333
’33633303 633033ε 303333 333033 033 0333 3333333 33033.
· 3 033 33033 03033033 06003033 3 30303 330303 033 3333 3
033 330033 3333 3303, 3633 033 33 3033 33033 3330303 03
’ 3303033333 3 3303 3030 30333033333, 330 633 33 3033 3033
“ , 03 330 3030333, 33033303 0330303333 330 33 3333303 33033.

Χ30 633 3033 33333333 360 30333 0333333.

10. 113333 633 3333333333 3333333333 3333333 0333333.
360 03303 3333033 33333633 3333330330 3 330 3033033 33333.
3 63330 633 30 33 3030 3033030303οε 303333 33303333 33303
3333333333 0633303033 3333333333 33363033 33033303. Α 003333
63 30333 30300333 303333 333 33633 3303303Ἱ 3 333333 30330
¹ 33; (a 00333 633 33333 3333333 30 3333333, 303333 333333
“ 33363 3303303, 3 33333 303303); 3333 30 33333333 360 3033
33030 0333033330 63303 30333033 0 333303 3333333333Ἴ 330
0333033. Α 00333 633 333 33333333 360 3033 33333 03 033

3 333333οἻ 3303 00 33333033 03333333. 3 ’30- 33333303.

Ι “ 0300 0330033333 30 3330330633.

11. 3Το33 30333303, 00333 633 330 303 300 03303333
3033333033 3033333 3 030030 3033 3330333 0060 33030633
3333333 3 033 3003 33 0333 033030 30 3303 3333033333
3333 003333 03 3030333, 333 63303 33333333. 3333333 30
00333 63 0333 3333 633 3 603330 33030633 3333333 333331.

¹ 3 ’ 3 03033 ’ 63 03 333033 3333333. ι3 03 633 030 3033333333 30
. upana: 303333 33033 0003330 63333 3 0030330303 303333 03333
3303 3003 3333 330333 3303306303, 3330 603330 3330306333.

 

