360 xlx, 3111111111 [1111111111 1.

1111111. Τ111111 1111, 1116111 11111, 111 11 1111111111
1111111, 111 11 11111111111111111 1111111 1111111 111111
1 11111, 1111 1111111111111 11 1611111111111111111111
1111111111111611 1 11111111ο; 11 11-111111111 111111
11111111111111111111111111111 11 11111 1111111111 111111-
111 11 11111111 1111111.

11111111 1111111 (24). Α1ο 11 nabe, 11 111
11111 1111111 11111111 11 11111 11111, 11111111111 11
111111111111111 1 111111111111111 11111; 11111111 1111
111111 1111 6111111111 1111111.

11111111 1111 (25). Rom 1111 11 11111 16111
111 1111111111 1111 11111, 1111 111111111111 1111
6111 1111161111111 111111, 1111 he 11 1111τί11 111111
11611111111 111111, 11 1111 111111111 1111111 111111 ¹
111111, 1 11111 11111111 1111111111 11111111. ss 11 11 111
6111 11111111111 111111 1111111111 1 11111111, 11 1111

11 11111 11111 1111111 111111ς 1111111,1116111111
1111161111, 111111 1161111111111, 111 11 16111111 1111
1111, 111 61 11111111 11111111 11111 11111111 11 11111· 1

1111111111,1111 11 11 11111111 1111111111111 1111111111 1
111111111611111111111111111111, 11111111111 11611, 111 1
61 11111111 11111111 111 1611111 1111.

11111111 111111 (26). 01111 11111 1111111111 11111-
11111 1 Β111111111111 1111111111ᾖ 11111111 111611 11111.
1111111 1161111111111161111 1 11 11111111 1 11111111
11 1111111 1111111111, 11111111 1111111111 1 1116111111
111111111 1111111 11111111. Α11 11 11 111 1111111 11-
1111 11111 1611111111 1 11111111, 11 he 111111 111, 111
111 ux 1111111111, 1111111111, 1111111111 1111111 11111111 1
1111111 11 61111111 1111111 11111111.

11111111 11111 (27). 16111 11111 1161111111
1111 1 11111111 6111 111111 111 111111, 1111 6111111

 

