xvnl. 33333333 3363333333. 343

333333333 3 3333333 33363333 633 3363313333333333333-Ι
3333-33 33333333, 33 333 33333 33333 33 3333 33 cm
33 3363333 33 3333333333 33333333-33 33 33333333 333-
3333333, 3333333 3363 33 ’333333 33333333-33 3 33333333,
33333 33 3333 33363333. “

2. Ακο 33 33 3633333 33333333 333-33363 33 cm 3
33333 33333333-33 3 33333333 3333 33-33 33 33333 3333-
333333 33333-33ἱ 3333 6333 333 33333, 3 3333-33 3333333 ·
33 3333 33333333-33, 3 33 33333 33 33333, 333 6333 33333 Ι
3 3333333 333 3333.

3. ss 3333 3333333333, 3 3333333 3333 ,33363 333 3Ι
333 3333333, 33333333 3333333333 33 33333 3333 333333
33333333-33 3 33333333 33363333 633 336333.

4. Τ3333 333333 33 33 3333 33 3 1333333, 33 y Ba-
33336333 3333333Ἴ 33 33 3333, 33 353333, 33 3Γ3333, 33
33333 3333 33363 y 33333 3333333, 33333 3 3333333 3333-
333-3313333333 3333 ,33 33 363333 333333 3333333
333 333333, 33 33 33 3333 33-33 3333333 33333.

5. H 333 33333 3 3363333333 3333 3363333333, 33 . Δ

33 33 33 33333 333333 33 Τ336333, 33 33 33 33333333
3333 33 33 63333, 33 3333 33333 3333633333 633 336333.

6. H 3333 33333333 3363333336, 333 33 36363333 33 Ι
333333133333333333-3333333333333, 333 33 33 33333 333
3363 3333; 33 33 3333 33333 3333333333 3333333333 3333
33333 3333333333, 333 6333 33333 rora-an, 33333333 3333-
3333 3 333333333ιὴ 3333333333.

7. Η 33 3333-33 33 33333 33333 33333333-33 33 33333
33 33333, 3 33 3333333, 3 33 3333333, 3 33 3333333, 3 33
33333, 3 33 333 33-33-333.

8. ss 3333 3333 ,63333333 0336333, 33 33 33333333
0336333 33333333 333333 3333333333 033633 3333333; ’3333-
333 30336333 ’3333 3333 33333333, 33 33 3333 3333333 ¹ ’
Ι33333333 033633 333333333 3133333 3ο 333333, 3333 33

 

