142 XV. 6333333366 3333333 1629 3.

333333. 0333 ι333 33 3333 3333333 33333333 3333,
333 33333 33333 33 333333 33333.

9. Τ33 33333333, 33333 633 3333 33333 ’33333 333333
33 myas: 33333 33333 36 333336 3333 33333333. Α33333
633 333 33333 33333 333333, 33333 36 33 3333333333 33333
33333333 33 3333333333 3333.

033333, 3333333 633333 3333333 33 33333
33333

10. Τ333 33333333 33333 633 3333333 333333 3333333
3333333 Β3333333 1633333333 ,6333333333 333333 33 33333
33333, 33 [1333333 363 33 Μ3333333 363 33 3333333 33333
33333, 3333333 33333 33333333 3 3333333333 33333333
333333 Β3333333 3633333333 ,6333333333 33333 333 333333
3333 33333 33333 3333333333 33 3333 33333333 3 3333
3333333 333333; 3333 333333 33 33333333 3333333333
33333 333633 33 33333333 3333333, 3 33 63333 ,33 3333333,
333 33 6333333 33,’3 333 33 3333333 36 633333 333333
3333, 333 3 3333 333333 3333333 333333 33 333333 3 333333-
333 33333 333333. ”

033333, 3333333 633 3333 333333333 363
33333333 3333333 33 333 33333333.

11. Τ333 33333333, 33333 633 33333 6333333 33333-
3333 363 33333333 333333 33 3333 3333333 33333333333
33 333333 333333333 3 33333333333 3 333333 33333333333.
Α 33333 633 3333 y 3333 63333 33333 3333333 33 6333333
3333333333, 3333 333333 33333.

033333, 33333333 33 333333 3333333336 3 3333-
ι33336 3333333333 333 33333, 633 3333 33333333
3 63333 33 3333 333333.

12. Ecum 633 33333 3333333 633 3333 3333333, 333
33333333 3333 33333 3333333333, 3 333333 633 3333 33333333

 

