..xm-

Ρο001 0010018 0810000 01 V. N. Γ1811110008, 1 0110001110 018. 818-
10011, 1101 081100 0181810000011000010 81 do 0. 1768. Tollo 0010
000100011 000 8180100011 800000 11811100 0001111010οε „Sudcbnik (18ιο8
11.11.10808118811000118.“ ’111001 88100100 0010 00110 text zpreco-
0800 od 1811110080, 0111 1111111008. Ρο1000018101008100110111000
001101, mezi 010011 101 011000000010 001101 Kalajclovice i 81000008
1819, 11811010810100 1814. Vyskytnul 80101011810100010 0 Το-
1100001811000; „Sammluog et .“ (110001 1846).

XVII. chon blog. 0808 Stefana (telo-1354.)
11001010 81010110800811 80 0110810101100001110010 81110101 110801

0001010010 81008081οιοη 0110011010 0180111 118001 IV.² v Polslcu
11801010,001100010 8100800010 1111010, 110110 111000 0001010081 1001011
1011. 8801808008101001 ,010000 0188111, 11801010 1 Ludvlk 810000
0110101010 ,10110111 8 811010 8010810 81000 ,1)0180“, 1. 0. 81100. 811010
0001111110801001110800 81 do 0188101100 1100181 dal 80 0. 1346 10-
00000811 08 08101880010100 ,80101οι0 (101001810800001. 8111000
0100101Ρο1 (100101 1001). 8118010011. 0811111010 hyl 0 (11010010
08100 188 8000001; 000108111, 101 jim 80010100 00810000100080110010-
1110 08001 810080810.

1810 18110 101011 10010881010108000010110, 1811 811010 00-
100810 (101010110001108101. 11. 1349 0101110111 08101000 80100 8010
8110011, 10110000010. 1354 0111101οο 0110111000 1018011; 80181
1110011 100 00100 10100000 001001111 8111010000, 001 101110 000
0188101 8010810.

’10010 001001801 0800 08810100101ε

Ηο11018100, 08800 08 080100 01. 0. 1390, 0000010101 0 110000-
000101; 100000 0081 P. Satellkem i oh 01 80 0001 0 bibliothece 88·
1811100810 0 Museo 1011. 10811100. §balconio 08800 08 080100
0111. 0110, 111 0 bibliothece 881811100810 0 Museo 1081100. 010100-
leole, 08800 08 080100, 001000 00 000100 0001. Grigorovicc, 0001
000 r. 1846 01111 0 bibliothece 610180180810100 11111008 08 10010
11100811. 11001 00081800 oni 10100. K 1110 recensi 08111 1110010018
1010110810, 1180801010, 1101101010, 1181000010, Κ8080810 Ι. 8 ll,
80801010 (n 1181111108 000000810101111100881810100), 0010011810
(0600000010) 00 8100000 101110 00101180 Μ810100810.

1101810018011000008118100118010000080οε100010018οΡ01000081100.
11010018 10010, 0101000 0 0100101 11111011000811010081811, 01100100
00010 11000808 101110 Ρο100008, 1101 000 00111010100818 001108 0008
8100. 01101 81000 Ρο10000810, 0811 000 080081 0001. 1100810011.
11010οο18 100 0108810000 080101 Ρο8011011 1118818010, 081 0110011 0810
81101010,10010 0100100 08 25 lietech. 1110. 1862 0100010 0081 10010
lodex 010100111111011800Β11010081811, 0110111 00181010 0010 10-
00100 prof. 11.Ι 1. 1800808100 0101108. Tou 008100 800081 000 0001.
ligel. — Oc 80101081111Ρο10000810100 00100180, 11810 1100810011,
10 0818 0081 na 0801010 1111800100 0 00001 00100100 XVI. 011ος 80181

 

