111111. 111 priv· 0111110. 513

0111111 3101000111 3160011 3113001 0 1101101011, 311-11 111610 31011013
1011110 11011113 0011311111· 0 sudi 11101 ,311111 Α 111131 311 110 001
11110010 0 1006 011013 31113110, 0 10 1001 101010 30110110, 00
1006 011013 1111 0111111 0 10011 111111 000110, 10 311 011011010νο
1111110101 1011113 1011111 3111001160 1111011 1111031110, 0113 303 1011111,
11101011 3111 11001, 1111000101113 11111011 11110111 006110 010110. Areb-
1111 111111 3101101610 1111110 31100111 31110, 0113 303 1011111,111·1000101
00311 11110111 311011 3110011001 1111011.

§- 15. 'Pu 31111 11013 3160011001 11011 1110011101 ,10110 31111
110011 13 Peste (10110 110101301111 311610 (1131) 01311 3110011111, 100
1163 mh, 1011 01 1011111010(1011 11101011 3011111 3111110 11131) 1110110
116110 0100111010 01111110 (3031101130) 10 31010316 00011 1101310016,
0 10 choi 3101110011 11311110010111 10 1011311001, 3011 1113111100
0011011 0 pini 1001111ι Το11113 3111 03110113 3011016111 1011
11100 die: „Ty 311111 11001 1131600110οἱ1 01311010(1011 Ι1011111101)
301101 mi vinu 111011,11301131101111 1110110 106110 Petra (1011011110-
1000) 1111113 1010111110 0111111,10 31010311 000111003100111 110111 300111
tob& 1001101, 0 10 01101 3101111011 113111 11001011 101063 11001, 3011
1113111οο 10110116 0 31111 10100111·“ -

3. 16. Tu 311110 1011111111, 0113011110 0 1110133 031111 31110
1101 0 1110010 11110110 11311, 30101 3001 0113103 0 311100, 1110131111
10101111.

ς. 17. Ρο111 3001 proti 1010111 3100101 01, 011101 ,10 sem 1111011
11111111 3110 30110 31011101, 111611 006110 11000111 1011113 11111011 11113
0 1110110110 11111111 01101111 31111103 00110 11111110 311110, 0113110 apl-inmo
11101110 311011 00111, by 06 111113 1001131111. Α 11131113 31111
011161111, 10 1101611113 00110, 10113 311001 1011101111 101113 0011 3111
0110111. 1101113103 oba 311001 01101110, 10113 31111 310010111111
1011113 10111111 3111001110 3111 0111110110 01110111 ,311-1131600111161001111
0 1 1111111160 03311111-10111131013111, 301110 mu 031111 1110111011,
3111 301111 110011 ,033111 3111 30 100.“ A 1011111 101111 310110·
16110 3111 0111011, ,311-11 1161 0011110 1 1101160 0331113ιι 113111
301111 0311013 311111001 ,033111.“

5. 18. 'l'u 011111 3111131111 1011 310101111, 0 1110010 11111011, 1110
3111110 311011 sobe 3111001011, 0 3101011 01 biti. A 111131 101101
31113110, 1011110 31110011,110100 300 k 111101, 311110311011 3111οἰ001, 3011
30110, 3111110111 03110111. Α111131 by 1131110011 1111111101113113
00113111 0110111. Ρο1111113 3111001030 31101011 1011113 31011013, 110100
188 1816111101, 3111311100110111000111001111. Ρο1111113 3111001111

slav. mony. 65

 

