414 100οι1οο0000.

rovnik 111 0110110011 1001111 11010 00 0010000010 00030 001000
ιι 00010 00010001011011100, 010000011010.

fl. 13. 80010110 00101100 0000100100 1000100 11011 se,
0101110 001103οή 0 001100 11010 nisu 010101, 00110 000 1100000 ,
0010030 00 10001 (panuh), 10111 00 0001010001οἰ 1111 οΞ10010 Ῑ
1. 81010101831. - 11Ιο0 00111 01101100 0 00100ςο 101110 000, ’

11010 bilo prigodom 0110110010 ugovoren03 010 0110 bilo 01110 Ι
0300010οο, 1010011110 00 000100 10000, 101010 000101010 0010,
101 10 110 0 00100ςο 0010110ος 010 0010 0010000111 0010101001
110 00 000100 10000 00100011010. - Po ovib 01001111 biv·
11010 10010, 1010 10 1000 1. 1100010 1848 01010 0111011 0010110100 ¹
0 001030. ·- 111001010110000,1100101 00010001 001101 00101010,
011001010 31010 01100010 00100100 1000100 000 01000 0010100ςο
001ος 00 01οὄ01 11010 001 10010 00 010100110001010011011
00100000 1101100010ςο 00100110. - [1100101100 1100011010 00
01101011 tivi 0 0011001, 0010010 pravo 00 01100010 adt-uine
1000100 1000 1010 0010030000, 0 0 01010101001000 (121011, ¹
0., f.) jedna 1010011ηο 11010 0010100ςο 0010 100 010010111οο. —-
Ζο 01100100110 (10000010) 00110 1010, 110 00 0100100 110010
0 0010001 001101 00101010, 1010 0101010010 0010000110οο 00001010
03000000.

§- 14. Zadruzi 001010 00 00110 1010010100010001000 11000
00100111 00 dio 00010111 1110 natavi 111030100οο 00000, 00
000010010010000110001 prigodom 11010000000010010.

ξ. 15. 110110101οθ 110100 10000100010010001011010 0010000
10000, 0001010 01010111οο0 0101010001101 10111 10001 po 0010-
00001 011000 3101100010ςο 00100110.

1. 16. 800100010000100100 diali 00 00110 1100000 0010000
00 1010010 110100ος 0000 1100001 10001 1113011001 10110010
01100100 11010.

IV. 01010100010001.

ξ. 11. Diobu 1001011 100 00 00 000100 001100 011100100ιο
001Ιο000100 001100111-01110010 000100000100 100 000 00100100
1100000110111000 0001000110, 0100000 0101011011. ’1) 000Ιο1011
100110 01101 00101011 nagodu. ·- Podjo li nagoda 00 00100,
100 00 1010 0101 0111οε110 000100001000 0100000 00010οἱ11
1101100101 0110011ηο 0010010 0101101111. -- 11000110 11 001010
011010 ili 0000 110100100 00 00100, 100 00 110100 0011000

 

