lx. 1133333333 1333333. 67

33333333333 33333333 3333333333 033333, 33 313313, 33 333
333333 33333333ς 3 3333333 333333 33 331 3333333 33
3333 633333 3333333333 0333333 333 33 333333 33333 333-
333333 3333 333 3333333.

102. Α 3333, 3 31333333 ι 3333333333, 3 33333333 3
3333333, 3333333331333333 33333333. Axe 3333 333 313-
3333 333 3333333 3333333 333 3333333 33, 3 033333
3333 33 3333333 3333 3333333333 333 33 333333 333333,
33 3333333333, 33 3331333 33 333333, 333333 3333 333-
33333 3333333333. Α 333333 33333 33333133 33333311
333333 33333333Ἵ 333 3333333331 33333333 33 3333333333
33 333333 333333 3 3333333333 33 3333333333 333333333333
333633, 333333 3 cystim.

103. 0333333333 33333133 333333 33 3333, 333 33
333333, 33333 3333333333Ἲ 333633 3 33 336333, 33333
33333333 υ33 y 3333 3333 33333333;“ 333 ony 333333
3333, 3333 33333 33333333.

104. 3133333333 3333333333 3333333 33 eyn 333333
3333333 333 333 33 33333 333333 3333 33333133γῇ 3 333333
3333333.

105. A 33 633333 3333333333 J. 333333, 3 33 ouuy ἶ ·
333333 33333333, 3 33333 ,ἶ 33333 (333333 333333). Asa
rycan 3 33 333333 3333333333 33 J. 33333 3333333333, 3
33333 ,ἶ 33333. A 33 33333 3 33 3333333, 3 33 3333, 3
33 3333333 3333333333 33 J. 33333. .

106. 3133333333333 333333 3333 333333.

107. A 333 33 3333 33 33333 3333333 3333, 333 333 33-
3333, 3333333 3333333333Ἰ 3333333 3333 33 33333 633333
333 333 333313333333 33 3333 3333333313 31333, 33 333-
3333333. ’

’ 108. A 3333333 33333333 3333333 3333333 33 3333333,
33 3311333313, 33 33 3333333313, 33 33 neapo, 33 33 33-

3333, 33 6333333 3333 33 3333333333. 9*

 

