9306 xvn. 3333333 napa 0333333.

3333 333333 633333, 33 33333 333 33313 33333 33 361333
33333313 33333333 331333 napum-1113 3 333 3333 333333
3333 33313, 3333333 3333 33 3333333, 3333 aa 33 63313 33-
33333, 3 33 33 33333333 33333333 3333333-33.

0 nosony 3333333333.

184. 1133 33333 y 3633333 3333 cystim 333333 33331333
33 33333 333333 3333333 y 33333 3333333-33 333 3333
33333, 333333 33 33333 333333 33133 33333 cystim, y 3333
63313 3633333, 33 33 33333313 33 333333.

0 33333313.

185. 0333333 3333 3333333333 33 33333 331333 onie,
333 33333 cygn, 33333 33633, 33 333333, 33 333333, 33 3333,
33 3313333 333313, 33 33333, 33 333333.

Ο 3333331333.

186. 83333133 3 33333313 3333333-33, 333 33333 333-
33313 33333331, 33333 333 33333 33 33 33333 31333 3333133
y munuy 6333 33333 3333333-33; 3333 ,33 333 3333 33333
3313 33333133 3333333333 33 33333 3333333333 6· 3333333.

03333333.

187. ’11333333 36333333, 333 333333 3333333 3333333-33.
33 333333 33 33333, 33 31333 3333133, 6333 unire 3333313313
3333333-33.

0 33313 33333 3 333313.

188. 033331, 333 33 may 333 33333 333 33 33333,
333 33 33 3333333 3333333 ciera 333333, 3 mo 33 3333
33333 333333 3333, 333 rpe ............

 

