XV, imonctffi 3333333 1529 3. 227

1<an 633 33333 3 3333 33333333 33 333333 3333333. 3
333333333333. ,

11. Hom 633 3333 3 3333 33333333 33 333333 33333
33333333. 3 3333 33333333 3333 63333, 33333333 333 3333
3333 33333 33333 3333333, 3333 33333 3363333 3333333-
neno: 33 33 3333 3333333333. Α3333 33333 33333 33
333333, 363 333333 3333333 63333 33333333 3333333 3333
33 33333 33333 3333333 33 3333333333.

Hom 333 333333 33 3333333333 3333333 63333.

12. 1333333333 633 333333 33 333 3333333333 333333
3333 33333 3333 ero, 3 3333 33333333 33333 333 33 33333
3333333ε 333333 33333 33333 3333333 33 33333333 333-
3333333 333333, 3 333 333333 33333 333333.

Kosa 33 3333 33333 33333333 33333333 633333.

13. Rom 633 33 33333333 33333333 33333333333 33333
3333333333 3333333333ἦ 3 333 33333 33333 633 33333333, 3
33333333 633333 3333333 3333333 33333333 3333333 3333
33333 33 3333333 333333.

Τ3333333 333333 3333333333 333333 333 33333
333333.

14. 333333 3333333333 33333 333333 333 33333 333333
333, 333333 333 33333333. Α 33 3333333-33 33 33 333
33333333333 333333 3333, 33333333 333 333 333333, 3333
333 3333333333, 33333 3333 333333 333333, 33 3333333
3333 3333333 3333333. Α 33333 633 333333 3333333 3 33
3333333 33 33333ο; 33333 33 3333 3333333333 3333333, 33333
333333 3333333. Α 33333 633 33333 3333333 33 3333 3333,
33333 333333. 3333 33333, 3 3333333 333 enas: 33333, 33
333 333 33333 33 3333333 33333 333333333, 3333 3333

3333333.
29*

 

