xxm. 00101οο000. ’ 415

010111, 011 110 10101 na 00110 000111, 10 011010110010001000
biti, nego 1011001111 001300 010001, 0 10010 0110101.

90001· 001 1011000 Ι1011010, 1 0001011110, 100101 primifie
vinami i 1010011, 10 00 01101000 noima prostiti, 110 11 00 0 tom
0010010110 010 11 30 110 0100101003οο ali 0001 0100 00
10010100, 01100100 1101100001 100001.01103

93 Ali 110 11 1001001100 0110 Ρο1111οε 101 10 00010011
1 traditur Ρο11111.

94. 1010111100001110001 10011010, 1001101 1 011011 10100
0100οΡ01111, 10 101 101001 ima biti 000100 ,00 11100 u 011100
Pomm, 01011 00010 1’ 1010, 10 0100 011011.

XXXIV. 00110100 1 11010000.

95. Sela, 1010 110010 101000 00010 0111000 101100110 po '
30001001 01 1011 000, 1 110010 00010 01000 1 001001103010, 1010
100010, 13010 po 0111010 000110000οι 00 00010 01 1011 0010010111
000, 10 10010101 00101 0100100 000111 (10 00110000101010
0011 100100 01 00030 0010, 1 1010 1 01 0010110030 0010, 101
000103οε 00100 10 000 001000010 00010 3010 30111111010101110·

11101, 1010-00 10 00100 00010, 1000010 0010 00010 3010 11000
10100 01 1003030 10110, 10110 00 1010000 01011 10000 0010100100,
0 [1010 1010 00 jure 101000 1 pusti 001011011101,10-1’101000
1010 1010010, 31101103010.

96. 110101 toga-j 101001110100030-1,10 1010110103ᾱί
0110 3010, 0110 001001000111 11010 011100 01 0110110030 0010, 0010-
10111010110100110300010, 0030 ima biti 1010 01 1030-1, 1010
10 00100 00010.

’ XXXV. Od 9011 1 13001.

91. 11011 1110111110 10030 101000 10110 pasti, more 00
1000111 1101011, 1010 10 011101. Α rozumiju 003011, 1100 stari
i 001001113011, 1010-1 meu sobom, 1010 1 01100300010. Ali 010
1110100110 110 3010 000111 011 0111100 0110030 0010, 011010
1100030100011100 0000001001 00 0010011110 0000111001 10-1
00 0001001, (10001100 nitkor 01101111100101100 011 0001 11100 taho-j
meu 0010101010 10110030 0010.

98. I 10 011100 ni 0110100 0010 0110 00100 0110111 3010 000030
0100301111000, 10 0110110 01013011 0110110, 010 11 1011011000
10010100 011000οι 001001 puna dvora.

 

